STARLINK-3722           
1 52089U 22029B   24084.29892014  .00010973  00000+0  70633-3 0  9993
2 52089  53.2172  60.6340 0001386  86.1942 273.9208 15.08846421112658
STARLINK-6158           
1 56375U 23061B   24085.18979275  .00017987  00000+0  13428-2 0  9996
2 56375  43.0008 120.0042 0001299 263.2605  96.8089 15.02546632 49565
STARLINK-2141           
1 47731U 21017K   24084.97877270  .00002835  00000+0  20920-3 0  9991
2 47731  53.0536 180.0790 0001561  87.1379 272.9788 15.06393416169376
STARLINK-1088           
1 44966U 20001BE  24085.16142583  .00118237  00000+0  43836-2 0  9998
2 44966  53.0688 240.5821 0001772 115.1047 245.0135 15.26714684233191
STARLINK-1575           
1 46349U 20062AA  24084.90502729  .00003669  00000+0  26502-3 0  9999
2 46349  53.0534 300.4113 0001318  98.1485 261.9654 15.06410368197204
STARLINK-2055           
1 47358U 21005K   24084.95753762  .00003040  00000+0  22289-3 0  9999
2 47358  53.0571   0.1597 0001574  89.2164 270.9006 15.06398584175735